url_path,views_total,views_unique
/lulunac27a/lulunac27a/commits,6,5
/lulunac27a/lulunac27a/commit/main,2,2
/lulunac27a/lulunac27a,1,1
/lulunac27a/lulunac27a/commit/0c3e43aa6e18866e380b3bf7d7b10c9dd564363a,1,1
/lulunac27a/lulunac27a/commit/23e0c1d906701d5bfaae7998de11f6adb2ca9dec,1,1
/lulunac27a/lulunac27a/commit/49b55c882e314d4508df73acf89fae7073d842a7,1,1
/lulunac27a/lulunac27a/commit/53aea6b2fe2434cbbce836875d2ac3d6d33c9d63,1,1
/lulunac27a/lulunac27a/commit/605014956deb58682c014eb29dbe35a142693903,1,1
/lulunac27a/lulunac27a/commit/6aa142738b8312af0d48be55aa180cb751502436,1,1
/lulunac27a/lulunac27a/commit/8e6d9f5fa5bc431ad8d12bfce2c2c4e65bc446c6,1,1
